sin(1337) = -0.968334
cos(1337) = 0.249657
 tg(1337) = -3.878661
ctg(1337) = -0.257821
